  nwlat=45.521003882734504
  selat=45.48634798309473
  nwlng=-122.74889395464922
  selng=-122.47198832850663